50 50
11 68 48 67 36 83 22 19 52 13 71 47 29 18 48 81 40 72 44 77 49 48 13 15 67 24 50 57 86 63 84 55 42 16 41 83 20 41 38 57 82 69 50 40 42 63 39 75 71 15
74 10 57 40 37 35 26 47 11 41 75 38 78 26 39 45 70 45 51 79 27 51 36 77 31 10 16 71 19 15 10 86 83 76 45 30 80 86 53 54 33 65 25 11 17 84 38 64 63 73
86 90 83 50 64 11 54 25 43 10 18 20 47 72 37 25 57 43 47 65 74 71 28 28 85 28 31 80 80 76 90 65 46 76 27 28 37 10 47 40 49 12 20 84 72 17 54 68 23 78
53 81 60 28 65 40 29 59 41 69 69 18 42 24 24 26 44 70 49 77 21 22 11 62 71 78 26 25 35 77 74 19 19 84 40 76 48 70 70 61 86 31 87 68 13 50 83 50 10 23
81 25 87 60 69 37 59 32 82 11 53 60 89 59 63 58 52 50 86 16 11 47 16 44 86 52 49 19 61 68 82 32 77 56 54 26 23 73 51 67 27 65 23 50 58 84 89 57 56 23
34 27 28 68 87 56 68 50 76 37 84 11 90 27 17 59 78 60 62 88 11 70 42 57 89 38 87 26 77 80 19 53 78 85 58 44 11 44 85 33 59 78 20 45 69 35 84 76 18 33
81 48 84 42 10 29 75 15 90 39 15 16 19 29 10 41 69 51 14 79 69 18 86 50 38 63 46 60 36 86 17 81 35 54 56 59 61 37 35 10 25 18 14 76 85 17 76 62 53 27
62 33 44 40 67 68 84 13 85 43 74 34 54 64 65 10 63 43 25 41 36 60 40 48 42 80 83 60 54 32 47 27 40 53 80 30 68 68 36 86 48 52 59 74 66 59 88 16 29 62
61 17 54 12 42 62 15 89 37 34 25 79 79 25 81 70 63 21 79 55 74 90 88 52 39 26 40 74 86 53 21 30 60 74 46 85 52 40 76 38 31 10 71 52 81 65 75 71 22 19
12 16 62 15 27 50 22 27 68 40 63 81 50 61 72 10 36 64 54 85 13 83 42 15 56 18 76 59 59 46 84 61 54 40 77 61 75 57 52 74 77 51 75 45 40 50 43 39 55 62
72 51 88 43 79 88 40 13 45 17 52 80 56 80 21 10 25 34 53 80 14 20 20 29 43 10 73 74 87 22 85 34 45 66 32 32 71 25 65 15 17 15 18 11 88 64 23 90 73 27
37 11 11 32 39 41 32 30 29 15 59 80 81 28 77 40 59 69 26 64 65 88 15 70 20 62 88 53 78 24 73 81 34 29 25 52 41 57 38 10 39 60 79 46 59 77 30 55 54 49
86 25 60 88 72 90 40 45 46 79 85 23 16 89 64 18 15 22 35 68 54 13 19 85 60 73 10 52 63 45 22 54 11 34 22 22 80 89 63 26 72 20 60 43 68 57 59 20 56 70
55 67 77 33 17 62 25 20 50 85 84 70 84 43 10 43 19 12 11 33 37 23 50 34 12 30 75 13 81 36 88 49 50 18 78 67 12 38 11 60 37 22 61 37 27 73 19 79 67 11
48 17 25 30 70 61 53 24 70 48 20 27 35 47 57 23 44 25 86 66 72 73 12 80 34 65 10 34 19 19 57 51 48 31 45 19 25 60 85 57 71 25 55 64 90 58 71 33 53 63
36 31 50 43 68 22 47 24 15 81 64 52 32 23 25 52 27 76 34 79 71 21 27 53 79 85 38 58 19 43 87 72 53 78 25 17 37 71 77 26 11 62 36 13 30 77 19 57 35 59
27 36 72 85 83 79 37 80 83 32 62 70 82 74 62 43 56 76 58 37 83 71 66 37 45 83 90 49 86 73 17 23 66 68 48 65 30 75 18 84 16 76 36 69 74 64 36 53 36 45
12 10 32 45 76 21 27 16 67 26 10 69 21 16 84 80 26 51 73 10 33 70 67 33 19 72 15 65 55 12 57 63 39 41 55 43 55 55 68 24 24 87 32 11 21 52 75 12 85 65
73 64 77 38 53 25 37 36 55 55 25 42 68 66 46 59 11 69 61 84 38 16 36 24 45 90 87 64 43 43 27 72 43 43 68 47 70 88 19 22 16 63 82 34 55 23 74 52 63 65
68 51 84 24 84 69 25 64 27 32 87 88 46 64 38 48 66 81 41 65 58 54 56 64 10 53 75 19 84 46 69 26 70 56 47 44 17 43 74 30 22 85 86 37 39 51 75 19 39 30
33 44 81 58 31 13 20 16 51 20 67 19 43 85 67 48 18 10 84 70 31 23 28 83 44 16 90 48 52 86 29 34 78 12 16 51 75 76 82 90 69 32 39 77 41 26 42 63 76 89
41 16 24 54 49 46 62 52 31 67 45 34 90 79 69 70 34 13 78 77 70 36 20 22 66 58 15 32 11 59 68 68 53 50 38 47 67 25 47 76 33 38 71 15 39 26 12 66 57 72
81 72 14 39 56 44 61 89 89 88 54 49 32 83 80 57 88 80 28 31 83 51 30 28 42 15 54 84 86 24 55 79 10 71 36 50 79 47 78 47 40 15 89 74 36 56 43 62 47 32
74 26 38 26 75 65 68 64 15 76 64 56 10 35 46 25 89 23 10 22 24 27 14 85 63 80 38 19 73 47 56 76 53 60 87 23 35 65 88 49 76 35 33 12 67 28 76 65 46 78
34 10 62 60 33 10 41 15 33 75 38 40 36 28 62 88 28 67 66 12 31 88 33 36 45 22 14 14 40 36 90 83 57 77 72 33 88 69 40 78 25 49 16 86 19 56 49 11 82 64
53 16 48 56 36 64 35 69 45 26 70 73 64 55 34 62 23 16 60 62 18 46 47 43 15 70 88 32 27 78 31 11 42 84 26 74 27 19 56 63 26 75 40 42 15 11 10 86 25 28
66 27 24 52 50 34 84 76 25 75 34 86 19 68 22 36 54 67 79 54 82 62 54 31 70 90 16 54 50 68 30 31 74 63 39 59 57 76 73 80 74 36 50 29 74 56 32 71 63 69
51 89 77 85 73 11 30 44 85 90 76 50 80 13 72 84 76 30 80 72 29 81 82 68 54 57 67 28 35 46 22 52 47 84 21 60 78 12 77 23 29 66 89 20 12 86 23 27 29 24
82 36 75 68 28 19 62 46 77 80 24 59 50 10 70 86 30 31 88 15 88 39 79 90 42 11 16 11 74 74 61 79 57 62 84 48 55 54 76 61 59 86 79 56 63 37 18 60 53 84
21 68 49 85 44 48 10 42 24 16 37 87 52 73 72 83 69 54 86 10 83 22 82 50 84 54 54 83 25 18 17 55 75 83 44 69 18 37 25 44 50 87 65 39 34 79 27 26 40 79
57 76 14 39 51 24 85 57 43 75 67 37 67 28 53 57 36 45 11 58 44 18 86 62 39 46 78 41 48 42 47 69 57 68 56 18 52 53 73 67 74 26 18 87 37 53 47 43 83 34
86 89 67 74 36 51 18 74 25 88 88 34 47 27 65 21 36 33 22 11 82 34 68 64 73 71 11 35 73 27 40 14 67 49 55 70 84 86 54 16 47 16 33 85 47 43 15 60 69 37
53 65 30 76 80 60 25 73 24 68 42 74 27 45 87 83 88 50 45 26 41 33 68 50 10 72 30 57 29 81 75 35 49 26 44 89 30 15 84 27 35 58 70 54 35 61 23 42 12 56
41 41 70 31 78 68 72 11 57 55 46 26 64 88 41 20 64 33 38 12 63 28 73 70 17 75 20 63 35 83 22 16 15 76 81 19 55 34 74 51 50 84 47 86 53 26 80 80 53 26
27 90 66 76 72 42 54 28 25 20 36 62 21 36 83 16 50 21 13 87 21 35 22 14 35 75 63 14 33 79 13 32 19 56 54 11 62 51 85 15 61 32 63 30 66 45 20 81 87 18
29 32 57 85 75 84 63 52 61 35 21 28 87 49 10 68 54 55 71 46 23 85 21 17 90 25 16 50 30 80 24 84 19 44 18 60 34 77 50 47 38 39 21 55 88 44 43 52 30 12
69 52 56 39 55 82 61 44 20 50 66 15 15 34 21 62 37 17 59 28 26 17 25 75 20 48 45 44 83 23 67 18 73 33 49 41 17 16 88 23 87 48 31 82 30 68 39 32 68 22
24 84 45 17 28 82 18 45 26 18 15 42 75 48 16 89 45 31 64 34 16 30 59 77 14 32 28 44 70 34 38 34 19 83 72 28 56 16 72 58 69 49 89 55 10 31 11 41 43 48
19 58 28 24 80 78 14 82 54 21 57 30 80 53 36 45 10 58 33 55 47 62 14 58 76 14 48 85 78 27 67 36 54 18 76 35 17 29 32 52 90 43 54 14 23 27 69 23 30 26
40 81 90 36 50 58 87 41 83 30 59 36 62 17 13 28 19 70 68 59 28 79 77 64 16 19 50 51 80 71 14 79 60 40 61 56 13 14 86 51 86 58 25 44 65 47 48 35 77 29
71 49 75 11 82 76 10 42 21 36 16 38 59 28 84 17 50 15 72 75 40 84 72 80 65 43 90 53 53 61 89 29 53 31 69 14 48 84 78 46 70 56 22 59 77 30 70 17 11 10
76 57 40 23 44 25 17 83 26 88 56 28 17 72 45 53 54 84 60 71 86 70 73 56 41 57 18 82 12 77 68 54 13 63 85 44 80 27 18 80 51 53 87 62 22 34 71 50 59 69
10 53 49 84 51 69 25 65 65 89 86 14 15 33 32 48 63 32 50 70 64 13 24 43 22 10 78 56 11 15 30 45 57 46 74 80 27 56 57 88 63 65 11 42 55 80 10 34 30 80
17 63 78 61 40 49 10 86 11 78 35 49 50 52 36 86 37 79 60 21 16 36 44 79 64 84 73 88 61 31 25 20 41 62 16 41 71 74 12 42 39 26 85 54 56 41 46 22 84 55
64 59 21 28 76 73 29 51 26 58 16 38 73 40 29 25 76 30 28 25 14 89 84 21 12 24 87 10 15 85 13 57 25 18 51 90 59 24 39 63 25 84 44 54 47 58 63 11 61 13
88 68 18 26 32 89 76 29 10 70 71 30 86 13 78 79 37 55 76 13 20 66 41 73 53 20 37 62 34 79 87 37 70 26 14 50 20 25 17 32 27 55 52 86 40 33 11 24 79 75
81 90 75 38 63 77 77 62 62 40 25 52 83 57 89 60 27 38 50 52 90 29 38 81 53 75 60 39 43 16 72 23 22 83 76 62 15 85 32 12 53 17 90 85 21 24 41 45 12 79
11 63 12 43 44 52 56 68 69 80 15 53 44 58 77 29 42 48 50 15 29 84 29 18 43 32 40 22 30 82 60 11 43 81 22 36 41 48 16 51 56 12 25 50 83 30 26 81 87 51
62 80 15 11 24 42 22 54 69 35 21 15 31 90 90 73 22 44 15 33 60 85 28 32 41 57 15 66 63 89 29 43 25 74 30 27 42 30 68 83 60 34 32 25 18 12 32 21 56 19
28 90 27 50 66 36 67 77 20 11 39 19 23 23 34 50 28 83 56 70 74 41 66 41 63 42 30 25 67 86 32 45 87 23 66 78 85 33 45 53 13 34 42 25 17 31 29 77 69 89
