100 100
18 23 53 43 16 79 88 81 12 30 14 65 56 64 48 27 83 66 31 19 74 75 86 68 68 26 76 43 62 48 52 26 29 74 53 50 86 43 63 52 34 28 80 65 53 74 41 60 88 67 50 13 39 76 90 46 34 69 58 81 70 49 76 62 16 61 36 88 69 82 77 32 44 19 48 25 33 76 81 26 52 37 58 77 86 64 36 17 18 32 28 15 76 47 64 26 86 33 72 25
23 66 15 48 58 32 43 20 83 16 61 64 81 71 40 53 23 31 63 76 49 86 20 39 49 21 19 66 47 63 90 49 26 14 41 54 32 29 71 60 68 61 19 30 74 33 26 87 61 61 69 20 18 76 26 84 41 60 40 41 68 42 77 90 82 56 21 63 72 23 69 42 86 62 73 82 46 39 12 48 68 35 12 23 48 50 33 57 48 52 60 54 53 67 45 69 54 56 49 26
26 20 53 53 73 51 44 69 80 17 51 78 16 42 23 60 67 28 65 45 53 53 31 80 47 38 75 55 59 51 34 32 84 16 63 49 89 11 32 60 59 26 68 90 50 71 67 83 68 45 75 55 35 25 41 77 15 63 46 10 15 77 47 52 73 55 63 56 63 89 56 19 46 81 63 64 41 61 45 84 59 78 50 66 31 83 13 88 49 17 36 50 13 82 85 75 50 61 46 14
57 82 12 87 26 12 36 49 60 67 55 86 67 34 65 27 48 38 24 29 40 87 68 84 34 18 33 20 14 56 22 60 50 22 21 43 82 84 50 36 85 82 74 17 43 76 42 48 15 12 76 75 27 61 30 25 61 10 27 73 45 55 12 61 55 70 10 86 15 68 56 61 73 26 37 65 82 45 71 30 70 57 45 76 62 72 75 31 38 62 79 34 90 43 58 11 42 62 42 88
48 16 50 63 66 69 33 28 72 54 30 43 23 10 22 73 79 63 35 69 39 76 82 27 34 40 40 90 13 29 55 86 81 90 86 66 58 25 46 30 64 30 39 16 73 25 42 31 40 67 26 30 58 19 83 74 48 48 20 10 81 10 46 38 75 19 20 28 54 59 71 73 19 88 89 87 13 56 77 32 57 79 84 34 84 79 31 61 41 53 75 72 56 14 80 38 66 23 71 21
44 84 50 33 73 46 54 10 70 11 23 56 31 13 16 69 37 84 21 65 20 73 76 63 21 24 80 10 38 22 28 47 35 47 83 42 62 32 48 83 57 26 73 71 82 31 28 58 23 81 25 66 39 88 21 71 82 66 13 21 38 52 74 47 12 55 66 12 29 25 27 25 19 31 64 90 27 16 75 18 40 42 33 48 38 68 36 43 55 70 85 72 74 83 13 35 77 32 71 65
77 42 57 43 59 24 62 82 32 19 85 14 34 15 89 47 78 25 46 14 69 24 27 39 64 60 16 51 12 35 24 88 59 61 67 60 57 81 37 39 84 22 43 59 39 14 52 59 31 80 17 66 26 67 17 65 62 34 89 65 31 45 30 70 79 72 74 89 26 30 83 33 49 49 10 10 25 70 71 35 21 38 65 90 47 50 52 14 87 87 87 78 19 38 81 17 90 29 74 53
13 29 83 44 56 81 41 10 50 75 72 54 46 83 31 57 51 49 28 47 16 22 82 61 90 69 26 16 25 47 82 30 85 14 25 51 69 31 86 90 56 55 42 87 71 86 25 80 45 65 40 19 21 39 30 23 26 71 20 63 81 83 57 65 20 41 36 27 25 26 32 83 85 71 19 85 71 13 33 71 31 22 85 31 32 50 70 33 90 13 53 61 27 36 50 14 25 85 52 34
25 43 65 80 40 46 44 89 73 45 58 53 52 36 49 56 53 72 11 80 24 14 64 29 58 11 39 31 20 66 28 30 83 59 52 73 12 83 52 56 27 13 47 69 67 34 75 25 86 73 25 34 67 45 45 39 28 78 18 66 43 69 47 88 55 17 66 39 56 35 28 45 23 33 78 90 87 70 74 22 34 66 54 34 13 42 20 78 63 23 32 31 61 25 10 82 35 78 77 10
61 63 76 81 33 89 62 60 72 48 42 86 71 62 22 52 64 35 63 74 75 14 31 53 72 24 52 62 46 81 60 50 59 84 60 31 55 45 40 38 18 60 20 30 17 66 66 87 77 12 21 54 68 41 45 21 67 29 54 28 43 61 65 17 61 45 31 29 47 57 49 34 74 47 70 33 26 82 65 22 34 81 67 49 64 89 70 35 48 65 90 71 26 67 31 48 40 59 63 84
65 78 11 49 52 60 51 46 29 27 70 10 85 18 84 40 26 43 63 77 30 14 55 28 11 34 71 69 53 12 30 31 16 30 17 55 40 59 82 25 79 85 61 79 73 55 53 84 26 68 59 50 88 14 59 67 45 41 49 52 16 41 77 74 19 15 87 64 40 26 70 15 13 32 29 30 53 20 64 81 26 27 89 19 21 18 86 11 48 87 44 50 34 23 73 63 39 18 51 11
86 82 66 84 59 90 82 32 61 68 57 73 87 60 16 66 53 43 22 31 70 48 89 56 90 49 86 50 83 84 15 41 21 34 45 30 69 30 39 53 41 31 62 43 56 88 25 72 42 42 35 90 37 32 75 20 48 90 77 63 24 18 49 26 47 80 89 40 43 56 31 80 62 79 25 30 51 26 65 13 55 42 39 46 21 18 44 88 90 35 82 69 36 19 71 64 59 90 33 82
12 63 45 57 67 58 87 33 38 85 32 27 63 16 60 44 54 22 43 10 65 61 89 68 22 28 34 21 42 48 57 79 70 66 28 75 67 57 67 70 17 40 78 41 66 71 63 32 59 24 67 58 39 26 59 39 82 62 17 20 63 39 62 34 87 45 27 33 57 65 75 24 53 90 80 52 16 78 19 44 16 56 13 67 78 14 13 32 34 28 89 67 63 80 84 61 88 13 68 90
37 52 14 14 46 13 57 87 73 48 88 61 54 26 15 40 35 11 36 69 19 86 13 77 86 44 26 31 40 42 53 20 16 23 12 26 89 36 10 45 63 39 76 57 39 41 41 10 28 19 11 22 35 89 62 89 16 83 46 82 27 87 28 68 38 26 65 15 48 32 84 28 21 47 32 87 70 12 55 80 13 22 28 46 89 88 71 51 89 66 67 44 63 12 29 17 47 48 33 44
87 50 29 32 46 27 64 11 47 46 26 62 18 84 72 88 62 83 77 79 28 86 73 60 47 59 48 29 65 74 61 23 86 73 65 83 85 12 47 11 37 81 52 58 70 52 26 59 85 88 69 62 35 40 24 31 54 19 37 73 13 11 31 14 61 68 19 23 44 59 30 56 58 37 88 54 87 55 55 19 48 90 21 63 79 54 42 54 53 73 34 62 90 59 50 64 40 74 30 31
28 24 65 51 84 44 87 60 74 80 45 78 26 10 66 24 38 18 20 54 64 53 31 18 51 34 52 90 46 16 75 83 53 32 29 35 24 56 48 29 71 42 71 77 70 73 60 22 72 62 51 57 13 50 10 82 89 64 62 49 24 41 64 65 46 10 49 72 52 44 10 10 63 69 29 51 24 70 25 84 74 40 41 60 56 26 20 28 43 58 81 71 44 83 11 55 35 59 46 64
66 42 16 50 88 79 18 78 42 29 54 24 53 20 31 22 53 79 61 39 29 65 86 51 53 22 65 14 81 41 88 37 19 33 71 71 37 70 34 57 29 46 14 41 38 76 49 22 83 76 12 40 16 29 69 37 62 68 42 83 76 66 22 88 26 89 56 44 64 62 69 27 52 15 71 89 39 29 46 24 35 30 10 28 35 89 64 37 64 87 65 41 17 57 52 51 79 55 72 16
10 39 65 72 46 38 73 49 36 36 78 69 35 66 64 83 86 56 31 12 51 84 52 23 34 56 11 21 86 45 62 79 27 15 32 61 49 12 29 24 76 88 49 40 46 14 73 65 35 70 23 74 14 86 86 73 82 76 37 39 77 46 67 47 75 66 86 67 68 81 51 61 25 72 19 81 26 21 21 87 71 49 43 23 13 67 25 77 53 82 27 19 64 66 60 89 90 15 32 56
54 62 41 84 73 83 57 59 55 85 85 14 71 49 14 69 67 21 76 33 81 62 45 21 82 73 20 20 35 82 44 85 39 57 24 55 49 52 25 60 64 64 28 65 15 21 63 48 83 44 67 59 33 72 55 79 15 20 52 30 63 35 50 34 71 22 22 28 39 66 29 42 34 14 84 45 36 82 17 28 26 78 30 74 83 59 12 80 80 12 45 30 61 26 66 45 39 90 16 21
18 28 90 21 74 14 35 90 16 89 84 17 90 35 81 53 76 32 52 78 18 45 44 35 90 85 19 81 78 51 51 77 85 30 17 40 12 80 61 75 80 83 11 70 23 81 53 58 79 31 36 75 78 73 63 55 25 77 50 20 62 50 57 14 29 24 39 28 47 60 38 60 63 51 29 42 22 34 13 82 79 60 21 71 85 41 57 14 85 79 65 71 71 65 89 56 45 65 85 53
27 64 39 19 86 28 45 74 46 13 17 69 35 42 55 55 41 27 55 59 21 73 70 45 26 19 18 86 62 15 43 19 55 45 36 46 83 65 11 26 76 88 66 58 84 71 81 87 12 45 62 68 65 17 61 44 70 50 25 73 47 57 28 25 55 28 70 33 76 44 71 56 87 24 33 85 25 70 46 25 13 87 10 63 80 54 54 20 20 26 35 44 14 44 31 39 16 14 14 13
74 53 10 27 69 88 45 39 78 41 60 43 20 83 54 69 25 88 39 64 21 66 77 27 25 35 78 15 90 80 45 63 36 66 76 73 58 40 58 43 29 29 29 35 27 58 27 35 44 17 80 10 42 74 45 31 81 80 84 27 27 76 75 30 85 64 85 36 43 64 38 47 60 88 17 62 32 72 40 23 13 63 40 44 22 79 56 28 19 54 86 44 60 57 29 90 29 54 19 68
33 48 15 33 69 67 20 15 17 12 44 31 72 73 68 23 60 90 26 34 61 30 50 41 78 22 43 50 14 12 50 28 38 55 25 56 13 89 51 14 32 34 74 71 74 40 37 78 71 34 52 81 42 64 50 45 27 48 10 19 68 32 16 60 81 66 40 22 50 42 80 15 73 21 83 90 40 54 65 80 20 57 28 24 48 89 41 49 76 86 18 26 47 26 66 26 15 19 66 57
69 57 66 81 42 88 55 69 54 73 17 16 41 26 77 28 76 45 83 71 69 66 48 90 76 39 15 14 85 61 29 84 89 55 55 70 78 73 29 65 47 64 90 19 89 39 89 20 51 19 60 72 56 33 88 62 32 89 64 87 69 20 12 43 72 15 80 12 10 85 84 83 78 69 27 32 83 21 62 65 63 43 49 16 29 58 67 27 71 16 68 83 72 45 50 84 78 82 30 56
62 58 62 90 20 13 41 50 89 26 69 24 66 88 83 11 89 43 87 48 52 21 70 71 71 50 31 35 49 70 76 74 83 20 39 11 33 31 17 73 90 68 28 45 17 27 17 54 71 29 56 31 87 74 78 72 26 80 18 48 60 24 30 50 70 46 41 62 87 80 62 55 30 69 33 66 23 63 48 88 70 66 54 59 68 81 58 27 67 58 47 18 44 53 60 56 78 60 22 40
55 51 30 69 82 77 71 82 31 42 41 78 49 39 36 46 77 57 48 41 47 59 48 77 79 34 29 16 84 27 10 38 37 42 75 26 62 16 36 30 18 81 47 38 48 21 44 69 46 33 57 47 90 13 33 61 89 23 50 59 65 69 41 40 38 47 65 19 60 36 77 11 52 76 67 34 68 28 74 13 48 83 44 81 13 55 20 18 29 70 38 73 50 63 28 76 64 23 55 58
62 78 46 16 71 36 45 73 70 30 55 46 27 53 56 45 63 83 42 25 42 57 30 47 16 45 23 52 77 15 66 11 76 47 52 78 10 76 80 12 61 82 90 40 59 71 68 25 15 20 60 48 69 16 16 49 16 54 45 63 69 25 37 44 53 39 14 13 54 86 31 84 25 75 87 81 40 75 62 90 74 27 83 67 50 39 56 67 53 27 30 19 19 68 36 80 47 76 56 69
73 29 19 12 14 55 36 33 37 23 74 55 32 24 33 26 83 44 50 29 53 45 69 32 25 55 65 45 34 54 49 87 80 49 23 78 38 31 52 53 64 88 41 15 49 11 21 22 28 22 79 44 18 81 61 26 65 33 15 37 79 44 56 58 50 74 74 87 84 51 59 28 42 47 78 16 68 76 23 10 72 41 80 28 31 12 38 77 33 66 41 71 90 31 61 84 30 28 12 65
46 27 63 88 44 66 62 47 60 78 20 34 77 23 39 75 50 82 23 18 14 82 31 65 79 29 27 64 67 37 32 85 76 73 86 46 29 49 49 12 43 17 68 82 82 30 40 67 30 37 68 65 59 75 72 60 36 49 65 34 64 64 13 88 36 15 23 59 61 67 43 22 72 79 69 67 70 74 66 22 10 30 77 77 85 15 77 40 79 86 30 22 51 67 80 45 19 59 38 18
84 90 32 75 84 58 33 82 28 10 79 28 64 67 77 27 69 18 52 52 13 59 32 70 11 17 47 83 68 11 17 65 60 80 11 87 87 38 28 44 14 87 22 77 88 71 42 31 11 70 62 32 57 65 70 40 64 22 49 89 41 29 34 72 51 83 45 85 36 51 79 57 43 58 36 15 12 46 25 40 79 55 63 81 33 74 44 84 31 27 51 60 18 17 77 39 62 72 53 39
69 81 14 50 13 73 77 67 14 57 63 69 78 89 18 46 62 28 76 18 83 13 25 38 30 39 24 89 37 29 45 42 21 70 60 79 47 70 70 40 12 44 82 29 36 25 35 29 66 62 65 55 51 79 53 57 64 37 43 52 15 13 30 31 22 29 72 56 12 84 36 77 37 63 72 15 61 17 12 11 35 60 87 40 36 88 29 54 32 49 42 74 15 31 49 37 34 78 32 13
89 27 72 47 65 20 20 80 12 69 87 34 43 52 69 40 75 60 85 67 29 39 18 17 90 46 59 49 49 15 50 46 89 20 48 40 33 80 25 80 83 40 87 42 75 53 63 71 44 28 34 18 24 21 22 75 71 69 24 70 47 27 28 69 21 24 26 50 60 58 44 14 88 60 15 25 66 75 23 52 31 66 44 33 87 17 60 63 61 87 54 28 67 38 39 46 42 58 27 24
11 61 35 17 27 73 48 88 74 66 80 47 88 55 87 58 24 13 40 81 72 17 33 14 30 37 62 88 88 53 67 32 21 42 20 59 56 54 35 89 30 37 52 65 30 34 35 11 88 24 90 16 27 82 88 52 36 65 29 79 20 82 11 78 80 56 18 87 73 74 49 37 73 90 32 50 72 71 65 76 16 76 62 42 31 65 84 75 29 18 55 60 18 62 52 60 71 58 60 71
57 24 65 17 53 13 38 27 55 34 25 41 36 10 84 64 40 17 55 87 51 38 65 36 81 13 60 38 15 20 47 34 81 18 75 19 85 18 18 63 28 83 44 71 90 86 79 22 24 77 75 67 55 21 39 14 51 68 62 75 77 66 41 17 11 40 88 31 37 11 53 47 51 56 39 75 72 17 51 63 15 42 37 10 51 45 27 66 55 62 74 79 53 10 82 88 47 80 54 36
47 36 31 78 43 78 32 54 47 79 22 10 49 66 86 45 68 77 64 10 89 73 19 21 56 33 38 69 76 62 26 81 80 61 17 37 77 20 62 90 76 85 36 33 26 83 61 33 77 56 48 51 79 88 52 75 48 67 59 75 42 30 55 90 77 36 17 18 64 74 54 49 84 33 39 24 78 20 24 83 22 70 50 71 17 84 46 13 40 63 15 21 49 30 43 15 42 59 26 61
43 58 77 64 21 67 31 72 16 83 82 40 88 77 82 28 85 19 69 76 33 56 39 62 37 41 74 70 49 65 20 12 81 14 40 35 46 65 14 23 72 41 11 76 52 71 27 65 48 56 61 81 85 58 56 58 45 51 28 51 75 86 16 84 87 80 47 17 27 15 46 18 81 34 54 56 61 84 51 34 15 58 52 86 26 48 38 21 10 12 59 80 79 83 45 88 50 70 45 85
45 35 72 68 52 84 78 51 37 22 78 24 46 39 81 49 76 15 82 32 33 17 32 44 26 47 68 54 26 41 22 66 28 31 47 33 80 76 23 43 16 24 83 24 15 47 28 27 73 60 71 15 79 40 60 39 27 82 63 31 37 28 16 53 56 50 14 17 16 51 11 33 12 82 79 15 22 38 31 36 27 51 50 65 10 40 49 80 35 38 79 18 29 21 49 65 85 49 35 64
53 68 57 35 56 33 90 68 59 51 88 40 42 77 45 76 76 81 69 56 78 13 22 90 36 32 11 51 26 11 25 80 47 63 11 75 44 58 14 75 53 13 78 90 15 46 72 26 28 43 28 28 45 36 45 48 18 85 41 70 84 67 21 47 35 85 53 11 73 86 74 72 83 72 52 10 76 33 47 17 89 69 13 66 82 44 18 83 20 17 78 59 31 74 35 70 57 72 47 52
33 83 44 16 54 73 57 70 40 45 28 74 82 46 48 47 49 16 43 40 69 71 74 59 89 83 83 11 61 75 25 55 45 82 24 70 12 54 79 66 77 57 55 27 74 42 46 69 86 38 30 11 34 53 14 23 16 28 62 64 71 61 72 41 72 56 48 11 47 53 85 90 18 11 89 18 21 55 64 13 83 24 10 71 81 59 32 76 62 90 79 71 17 61 55 68 22 51 47 10
28 16 82 66 86 64 10 86 54 86 72 82 83 51 14 85 18 41 85 40 79 24 19 37 88 86 39 88 10 18 84 68 54 47 65 55 78 87 16 32 56 29 25 68 24 54 54 29 74 56 76 74 64 52 28 42 16 78 24 39 11 81 85 22 19 29 18 54 11 76 12 52 27 38 20 10 82 27 79 47 13 89 71 73 39 38 14 24 19 43 87 46 15 71 22 27 47 81 63 65
34 63 70 63 32 24 79 40 10 70 44 86 40 84 23 36 80 87 59 62 59 61 27 41 34 86 34 39 40 17 59 34 69 21 34 35 45 67 35 17 46 89 51 50 54 50 82 17 48 48 25 38 41 49 27 80 77 19 68 73 17 56 14 42 80 89 67 90 42 89 73 76 44 50 32 52 27 54 13 64 79 48 44 27 43 32 80 54 71 62 21 54 42 19 14 59 86 90 62 45
33 25 66 45 79 22 69 16 43 49 65 21 28 36 58 80 42 83 18 43 35 24 70 68 25 52 60 30 25 65 12 77 28 70 38 45 25 51 25 14 77 16 64 62 15 67 70 30 53 60 26 51 43 24 30 22 78 44 12 26 58 24 57 47 52 27 82 49 21 71 23 60 73 19 38 30 60 72 54 67 13 32 35 18 88 57 74 85 70 59 66 80 77 39 82 25 84 69 34 29
23 77 61 85 73 62 15 88 53 81 13 65 66 20 37 56 87 30 85 66 50 21 41 58 26 51 89 67 62 81 53 87 62 28 24 63 14 22 64 78 57 89 67 90 69 28 16 33 20 62 78 85 19 47 20 83 87 44 70 32 14 69 35 26 19 62 37 36 62 39 75 43 12 60 56 53 89 15 48 12 19 73 38 43 11 32 46 39 15 17 46 52 53 61 18 67 34 18 57 37
29 53 72 33 49 51 18 59 77 43 48 72 62 14 61 12 15 58 24 64 82 30 41 30 13 63 36 46 56 84 65 20 42 83 67 85 86 76 88 58 84 65 24 71 14 38 27 16 69 10 89 23 43 85 54 76 36 11 86 69 23 22 77 20 83 45 32 30 70 61 18 18 50 25 25 71 88 61 76 41 12 10 22 19 48 39 23 30 77 71 61 12 60 27 40 70 68 51 29 31
33 51 39 71 12 42 81 51 62 36 19 26 49 81 14 85 41 74 28 64 20 57 29 81 22 35 55 56 79 68 12 47 36 85 87 59 76 53 17 58 69 21 35 66 30 90 56 46 73 29 62 27 88 79 36 48 41 41 32 17 31 48 35 88 39 29 80 77 32 73 48 43 14 10 34 88 54 56 10 11 62 49 89 71 16 61 64 27 81 35 19 83 57 55 53 68 43 31 39 58
13 56 50 21 54 18 87 22 57 60 72 56 69 70 64 66 27 61 60 46 16 21 86 70 60 30 11 85 54 35 39 62 80 26 18 39 10 19 28 11 25 26 38 78 76 58 40 11 85 89 71 58 35 54 55 18 60 54 68 56 55 39 37 68 82 79 31 27 60 86 29 42 27 52 84 28 83 85 65 48 86 13 82 55 69 50 78 74 72 49 14 31 88 73 22 81 24 48 49 57
38 42 51 56 74 89 63 41 48 83 79 80 22 37 72 55 63 20 88 11 82 44 73 62 54 46 82 37 42 88 67 14 67 64 39 15 48 58 34 64 81 18 55 87 73 27 31 57 13 51 86 20 17 35 46 57 52 41 87 63 36 81 86 86 10 76 25 24 26 76 52 33 28 40 79 84 67 82 90 90 57 38 81 65 62 67 58 39 24 64 63 23 19 31 63 84 11 88 38 56
12 66 51 90 53 21 26 82 57 29 33 38 37 69 44 72 17 54 58 24 65 51 54 21 69 31 83 74 59 15 69 24 21 16 59 64 60 36 30 62 75 19 53 47 57 58 49 57 26 65 75 46 61 69 56 83 69 62 29 25 79 86 39 20 55 82 23 16 50 64 31 89 87 50 85 27 70 47 90 11 25 22 55 36 76 25 30 26 45 24 74 62 56 27 44 45 44 67 65 84
22 17 73 33 54 14 79 66 14 31 29 16 59 54 80 50 59 71 60 47 83 87 45 35 78 20 20 84 83 11 60 39 66 14 14 87 62 27 33 84 44 84 46 72 33 76 26 63 78 52 73 80 70 28 58 63 10 42 79 56 18 33 84 25 77 34 24 89 45 79 55 21 60 63 65 55 39 85 37 60 67 77 34 28 22 30 38 41 60 69 54 87 43 45 43 56 90 51 69 51
21 14 33 85 65 59 39 52 64 72 66 37 20 47 51 24 58 25 85 27 52 37 13 33 39 12 70 25 33 61 86 86 37 19 51 19 65 22 58 18 13 85 24 13 21 41 38 72 70 21 51 87 12 51 58 39 38 67 74 86 56 89 72 46 24 56 36 42 82 26 19 38 17 62 28 50 41 31 30 48 76 61 30 70 12 48 22 50 89 86 71 80 30 57 86 86 26 72 77 71
79 42 83 78 77 82 31 68 74 41 26 34 37 48 59 41 32 40 34 87 11 10 40 15 82 84 43 34 18 21 42 26 50 22 28 16 84 44 47 23 52 59 53 20 48 49 62 21 63 47 26 13 32 52 60 35 76 85 62 52 23 34 79 75 10 59 54 31 63 40 88 28 58 66 40 41 87 48 81 52 58 20 17 88 64 53 51 59 25 35 59 27 40 78 53 27 61 17 89 20
58 77 29 37 87 87 37 44 82 28 35 22 41 23 14 15 38 13 43 26 86 43 69 78 63 67 62 80 71 44 77 77 35 43 46 10 70 83 77 39 32 49 41 19 89 54 30 58 12 45 75 77 32 22 29 59 83 53 73 75 11 22 42 58 15 79 40 32 46 67 13 67 54 52 66 15 23 64 71 42 17 88 73 72 43 35 20 24 46 64 47 36 51 66 16 16 71 11 80 65
69 12 81 66 58 23 48 30 65 81 62 60 56 35 49 80 11 69 34 61 16 63 66 62 68 83 24 87 80 53 15 31 65 84 49 26 64 35 45 88 74 56 70 67 32 46 50 68 48 25 49 75 24 73 35 45 57 70 13 32 23 19 53 31 50 89 57 22 88 27 39 13 45 26 76 89 56 56 85 83 58 30 30 33 27 74 67 71 81 52 89 68 22 59 75 53 10 55 30 79
17 72 60 74 51 30 58 53 22 66 45 71 67 72 46 66 47 11 27 11 22 21 43 29 66 87 40 32 21 13 13 30 47 11 82 23 55 23 44 72 62 37 89 69 14 39 66 25 38 54 48 68 78 61 43 42 60 85 67 77 34 53 19 76 28 12 77 62 45 85 41 68 90 13 23 39 40 57 24 29 65 16 74 76 15 31 59 47 29 86 14 75 69 59 45 31 76 46 61 63
87 53 46 17 33 31 24 17 36 54 25 38 34 10 85 46 89 76 50 10 80 61 44 56 74 26 19 47 18 36 14 70 44 76 33 58 57 14 43 44 66 74 76 78 32 36 31 63 53 32 55 16 17 35 66 20 44 36 47 82 90 48 34 67 39 74 66 54 71 65 51 16 78 36 50 36 56 68 72 87 13 33 36 78 60 63 14 35 36 34 18 67 82 56 66 15 76 77 16 85
50 46 43 21 26 17 32 74 87 81 80 75 60 80 37 65 43 70 54 33 17 41 42 80 22 47 23 61 79 73 23 74 30 63 45 59 44 82 63 62 53 52 71 41 21 56 23 27 68 77 21 62 69 57 32 20 77 11 72 22 90 66 60 35 62 13 60 34 81 61 83 65 21 12 30 17 42 75 51 86 39 80 19 58 51 85 85 70 77 57 78 85 75 42 75 34 71 65 66 20
50 67 19 60 78 54 55 46 44 46 34 67 72 34 85 34 84 48 62 29 80 36 23 51 28 21 80 31 14 52 75 51 89 14 54 78 44 41 22 62 42 26 66 89 65 10 28 22 26 80 48 43 21 83 36 34 84 24 27 16 50 33 90 52 90 56 69 58 37 38 21 44 35 34 26 77 70 78 38 76 66 54 32 30 19 66 26 48 67 34 79 74 42 25 58 13 69 14 12 47
40 48 15 39 77 62 18 30 74 72 12 22 61 39 14 43 21 85 64 34 24 76 44 16 14 84 40 43 77 55 26 67 63 15 13 30 66 28 15 43 35 79 61 84 38 68 30 32 66 81 56 19 52 76 55 31 24 39 21 62 60 24 75 30 31 69 31 31 86 63 15 46 24 34 83 43 24 23 61 52 73 82 71 75 31 66 58 78 72 37 56 83 61 36 39 19 87 88 87 43
63 61 66 55 29 26 33 44 10 44 72 57 71 10 70 77 28 84 32 20 39 14 85 38 88 31 59 86 39 43 35 80 54 88 50 32 42 72 79 86 77 72 43 73 25 13 17 24 28 88 32 24 20 76 34 12 81 44 83 51 39 58 80 72 90 80 50 63 36 44 77 60 29 33 17 48 64 34 36 18 13 46 32 37 69 77 87 27 56 86 70 28 25 34 80 48 29 55 17 58
30 35 46 84 77 64 80 89 46 77 80 90 54 80 36 87 48 65 17 52 11 32 72 54 73 24 69 72 41 36 37 33 70 19 27 61 27 75 65 34 48 89 30 27 37 78 23 66 89 14 77 85 54 37 50 38 64 31 58 77 33 18 80 26 73 81 21 11 21 28 56 37 63 68 41 72 52 70 88 30 82 41 14 45 45 53 10 16 35 14 19 81 17 84 25 10 34 13 59 15
39 84 78 58 68 32 65 84 26 77 30 89 68 57 12 24 16 53 67 35 55 38 72 56 85 17 50 42 27 58 34 19 19 13 70 40 73 50 53 24 29 34 23 60 29 24 17 75 45 33 28 37 18 60 37 70 73 56 80 25 90 11 33 52 27 62 27 56 87 28 83 65 84 38 50 46 72 22 72 83 23 70 11 62 74 23 76 15 19 90 55 34 49 85 79 76 81 77 35 29
76 31 29 90 31 83 24 75 64 25 18 49 80 74 87 61 14 43 82 27 82 70 13 48 79 71 25 66 22 81 62 27 59 79 37 39 37 20 64 60 41 56 63 67 77 29 80 63 83 52 78 10 72 15 51 32 72 72 41 19 87 89 74 48 50 85 11 38 15 17 15 47 59 68 48 64 15 44 45 75 28 58 62 28 13 44 60 12 10 39 29 62 27 69 29 61 37 75 51 12
90 33 10 64 17 38 23 31 78 36 70 16 81 15 82 62 26 28 64 42 57 67 15 33 80 21 52 16 61 89 11 65 82 13 48 39 45 55 34 31 86 83 45 33 27 54 19 48 28 56 81 47 84 68 61 23 66 16 68 15 12 77 57 85 73 31 75 87 26 16 38 16 56 12 50 84 72 81 35 56 32 37 71 40 77 74 53 19 84 59 69 36 81 50 43 17 29 71 52 80
30 70 27 88 77 40 88 44 30 73 62 21 39 72 88 48 79 55 49 67 44 89 52 54 30 86 28 40 59 62 78 48 50 35 39 16 77 15 17 18 52 73 26 32 85 43 32 77 56 68 14 23 33 30 51 56 22 39 84 26 74 58 47 39 33 15 74 44 18 38 74 26 50 35 37 12 53 42 63 27 27 30 70 21 56 65 37 39 42 55 26 62 18 63 46 65 23 44 37 56
25 30 14 80 84 26 27 28 25 55 24 49 71 49 16 21 47 60 77 88 21 21 87 62 49 10 43 33 78 46 22 82 46 24 28 21 43 79 37 64 52 26 79 79 61 57 59 84 36 43 64 65 57 12 59 23 45 66 26 82 62 62 26 18 25 33 17 49 30 78 37 39 16 50 42 56 53 78 41 74 18 67 20 51 42 69 27 30 16 40 74 31 18 27 53 69 32 40 73 31
41 29 33 18 17 24 43 42 32 65 20 54 40 61 46 33 67 77 68 51 83 45 18 26 71 25 13 16 68 34 78 41 24 76 70 17 81 81 21 41 48 85 80 40 70 44 67 69 72 13 37 50 36 56 85 24 29 50 13 57 46 45 77 19 42 88 46 35 24 85 15 61 73 66 64 32 75 38 21 80 46 23 86 45 47 23 77 66 46 26 59 25 82 72 28 75 83 59 70 56
52 58 74 32 36 39 27 83 53 15 88 28 55 32 25 83 65 87 24 15 34 16 52 71 22 56 26 13 84 38 20 62 11 58 31 24 36 61 82 74 62 48 77 83 45 19 87 48 53 86 39 70 86 53 58 33 58 85 60 19 87 52 82 50 10 12 14 72 73 73 73 34 49 26 53 44 82 68 58 78 51 16 61 16 60 48 48 70 27 13 14 30 83 32 81 78 51 78 21 71
28 47 64 36 38 90 79 65 19 55 69 42 72 12 18 40 62 17 47 37 76 88 41 11 25 19 30 19 12 34 72 19 26 32 89 17 48 18 41 73 36 23 57 30 23 31 89 46 11 27 54 26 58 75 47 80 74 65 41 66 44 63 13 23 64 34 72 23 25 80 69 88 64 52 30 18 16 56 33 67 58 61 21 70 19 10 20 45 71 58 42 76 71 10 24 19 39 39 30 85
43 71 46 71 56 83 40 18 30 16 13 57 46 85 86 81 80 73 39 63 90 19 44 89 57 35 77 24 67 32 17 45 24 83 39 26 87 47 40 62 14 81 38 39 67 42 79 32 13 86 34 86 41 69 55 18 21 83 41 88 83 86 35 40 71 86 64 77 26 72 86 39 25 15 88 17 58 48 79 14 20 10 42 57 72 21 75 78 69 59 32 34 26 52 58 44 19 56 27 66
33 21 28 55 75 49 79 70 58 20 33 29 16 52 70 37 73 83 58 30 20 46 41 60 63 76 67 79 52 56 66 21 10 88 15 52 62 44 21 11 88 18 56 68 47 32 61 13 28 69 31 26 84 40 14 54 71 88 85 23 83 51 30 16 87 72 30 27 75 48 35 68 59 14 62 51 12 36 32 58 18 45 20 76 24 68 26 31 52 53 82 45 56 80 14 70 80 73 79 20
69 14 88 23 74 85 29 10 84 52 62 81 21 70 33 45 25 87 84 12 73 77 42 49 13 32 26 26 79 58 28 30 62 11 17 32 11 32 76 78 27 37 78 89 75 25 84 45 68 30 75 74 48 70 36 12 17 55 16 89 11 42 15 23 23 25 84 73 42 71 88 26 47 24 55 88 74 22 48 50 61 64 35 53 78 69 63 52 29 39 71 51 51 86 47 57 57 49 32 29
40 79 17 21 69 39 62 49 46 49 78 81 69 66 20 11 44 89 25 47 86 29 81 55 70 45 50 50 72 52 11 14 31 17 22 51 81 86 14 84 54 18 69 38 68 25 46 87 37 84 48 59 57 79 76 90 28 51 14 27 60 59 34 63 88 51 11 84 44 39 43 88 89 78 42 83 41 34 22 62 32 69 31 11 84 59 84 73 27 35 48 88 50 33 75 62 14 62 87 85
57 18 13 40 18 75 82 66 52 46 80 56 49 38 14 87 54 53 69 35 22 80 63 48 17 68 84 25 10 88 74 47 57 72 38 22 36 83 72 39 63 37 24 55 63 20 19 70 53 35 13 17 50 60 33 18 15 39 22 18 38 44 75 23 17 58 46 73 31 35 41 20 84 24 90 43 31 68 19 75 40 12 12 46 28 86 27 39 47 60 64 13 69 73 67 54 78 50 44 85
36 19 25 66 18 62 88 51 54 16 27 89 42 87 61 63 90 80 26 84 84 26 59 83 63 72 11 40 12 62 23 57 31 14 43 74 52 82 87 73 90 82 70 74 23 60 44 31 16 83 58 83 83 32 30 59 59 25 22 40 24 24 67 83 44 85 41 77 88 85 62 66 46 65 52 17 53 56 35 59 44 18 75 42 32 63 45 36 41 72 13 55 26 86 32 67 57 57 65 79
70 85 84 87 18 18 68 14 16 51 59 88 30 78 64 85 17 14 77 54 47 28 90 70 82 13 60 85 85 61 42 53 43 63 77 20 86 16 78 52 72 56 40 18 56 72 48 84 77 57 27 30 22 35 66 48 18 66 90 33 47 74 66 59 18 21 54 11 78 22 15 29 44 66 35 78 65 87 10 24 64 81 48 79 24 30 82 30 84 66 27 34 22 15 69 59 27 13 26 88
39 65 36 31 79 52 26 60 38 78 64 59 37 43 21 67 49 63 11 63 73 39 69 27 37 70 41 80 52 73 79 47 87 66 57 21 85 21 35 81 23 76 16 57 62 87 30 20 40 73 37 29 81 46 41 55 62 28 13 51 13 60 79 55 78 78 84 84 84 37 27 29 44 21 81 87 39 43 42 86 42 43 67 81 52 32 56 55 34 58 64 75 88 74 41 17 28 71 41 76
29 76 33 31 86 88 80 34 46 80 19 66 69 25 37 66 41 62 39 80 87 57 46 20 59 23 86 77 31 35 41 72 44 61 37 53 60 76 61 29 55 21 36 52 29 86 20 31 61 84 28 79 30 19 62 88 45 20 34 36 87 87 37 65 79 83 71 74 33 15 36 73 18 39 63 69 30 36 30 26 66 81 27 13 12 61 16 62 70 84 27 34 63 44 44 34 77 57 33 25
74 23 20 40 41 69 14 64 69 17 14 25 25 41 54 71 56 68 59 82 80 38 21 76 22 74 55 56 46 35 61 52 54 22 52 28 55 56 60 28 29 86 17 42 68 40 42 30 48 58 83 10 74 28 49 52 12 12 73 68 90 70 25 76 26 21 68 69 60 63 61 64 17 65 67 25 20 51 18 66 32 34 68 25 52 77 56 31 32 64 53 52 10 79 65 48 33 20 42 83
55 50 78 76 44 32 40 68 11 56 42 56 72 36 72 20 73 83 29 11 11 77 55 48 80 15 15 58 28 87 49 45 75 64 37 85 48 53 17 52 33 89 19 26 54 24 42 63 63 35 12 54 75 68 48 34 25 30 75 73 76 51 88 48 49 17 29 43 70 85 71 40 34 57 38 36 18 50 83 60 85 39 70 60 33 58 53 27 39 57 25 81 14 80 27 66 15 59 50 43
66 78 33 36 28 45 83 48 22 40 29 81 19 23 43 71 28 44 89 21 56 69 66 71 57 23 31 48 32 34 88 46 16 52 26 52 71 13 59 43 34 77 52 53 21 76 45 80 15 37 39 73 26 54 81 34 69 14 49 10 26 42 35 33 55 84 14 87 51 15 76 87 70 33 17 42 18 42 57 66 35 41 65 86 70 13 65 76 15 13 71 34 46 77 81 26 40 37 78 52
21 67 28 34 51 44 70 56 71 87 33 36 76 22 16 71 84 42 89 61 16 69 16 20 33 29 70 45 89 32 82 26 66 25 67 32 85 80 85 48 56 88 58 79 12 13 76 67 27 32 68 35 77 39 77 60 48 13 65 59 29 29 70 23 36 42 78 78 46 37 41 16 88 13 35 42 47 86 67 48 61 40 70 32 52 33 13 33 45 14 82 38 40 33 67 70 82 55 56 17
65 60 23 19 57 84 49 16 48 87 55 46 77 75 33 43 86 80 49 90 51 81 59 60 11 43 75 81 29 50 85 12 74 39 84 46 70 65 73 11 76 82 38 34 70 79 21 24 61 71 72 10 29 10 70 59 10 83 72 64 26 44 55 49 53 62 81 53 74 14 70 88 69 14 63 82 21 13 81 21 84 80 38 79 45 78 29 88 63 26 78 61 81 24 81 78 70 15 40 40
62 82 19 49 16 28 12 23 78 59 22 89 53 44 37 37 35 24 65 45 40 62 17 40 30 89 14 28 12 87 76 36 65 47 83 74 34 68 86 54 57 41 61 57 90 63 63 60 23 26 76 53 34 19 26 63 77 90 56 39 62 59 12 18 32 28 54 53 84 71 18 80 42 32 67 83 65 56 21 67 11 49 15 82 28 16 47 15 82 18 13 68 49 11 48 72 87 88 48 40
74 74 44 64 19 54 82 65 79 44 88 52 68 66 32 53 61 27 33 74 21 46 11 30 21 88 38 32 10 76 49 13 70 27 77 59 46 62 16 11 10 45 18 74 61 43 20 21 43 60 23 35 31 64 64 62 52 85 30 19 15 41 87 54 54 28 31 59 47 10 19 62 56 68 29 32 61 58 57 35 54 25 84 59 65 79 57 12 14 10 14 60 21 34 22 36 31 46 27 53
28 86 23 83 40 12 72 31 19 27 11 81 30 86 66 80 35 31 49 31 31 70 60 27 53 36 90 51 40 64 46 20 67 11 10 68 57 11 76 57 25 24 64 78 64 76 43 40 61 76 35 61 26 43 50 35 88 88 90 35 44 81 38 88 31 70 21 18 27 90 34 56 14 37 22 26 15 67 86 49 63 85 87 62 66 81 57 52 37 18 44 75 81 16 43 27 28 55 48 84
58 50 33 83 63 45 35 42 81 43 37 50 64 25 84 57 47 62 48 89 20 36 12 40 18 22 52 33 21 69 16 55 53 85 75 71 70 57 46 81 43 78 79 33 56 43 70 18 64 88 20 70 52 28 69 20 53 58 75 36 71 61 46 89 46 25 33 81 81 32 51 43 34 69 36 60 39 44 22 63 75 44 30 67 27 52 72 62 38 23 65 76 50 74 61 57 74 85 30 27
65 74 51 81 24 88 38 80 35 11 89 25 84 55 71 41 58 63 28 80 12 32 63 61 13 84 58 33 51 53 82 37 73 33 49 26 73 67 88 83 49 15 81 36 85 85 85 28 52 71 48 78 20 39 41 60 19 11 46 87 31 62 35 53 37 47 40 13 80 10 23 83 14 83 76 88 49 30 84 40 68 57 20 40 20 65 41 15 27 26 41 69 75 83 86 18 31 18 12 50
40 83 83 49 30 75 28 88 36 41 70 40 61 32 67 41 85 18 62 18 44 67 66 68 68 50 52 88 22 45 76 76 28 81 22 82 64 16 55 82 10 54 74 72 59 69 86 11 82 76 69 57 66 17 20 49 90 17 31 79 26 13 18 42 46 39 41 61 11 50 16 58 63 11 37 54 50 13 74 35 90 90 53 85 74 65 70 56 76 76 51 76 70 54 87 33 10 60 46 51
27 77 75 14 70 78 25 87 19 67 58 38 73 18 73 38 22 24 38 90 84 40 57 62 61 84 18 60 58 31 84 48 54 26 39 69 20 48 55 37 69 13 44 57 22 77 82 80 44 26 82 27 76 44 25 56 48 26 51 75 31 26 11 83 57 55 27 18 30 56 34 18 23 88 80 13 34 61 81 67 78 44 48 78 85 66 10 64 69 48 44 66 86 69 50 19 63 12 62 82
37 19 58 77 59 60 23 10 79 59 54 60 72 35 79 41 28 11 52 39 69 69 81 30 67 50 85 45 47 67 86 73 86 86 30 73 10 48 68 41 30 41 88 58 79 62 73 28 37 89 41 62 75 29 56 63 39 48 68 44 52 77 19 85 72 22 72 88 49 23 79 82 15 34 28 25 78 52 29 23 67 44 56 30 46 53 48 31 12 47 29 39 70 37 39 27 23 86 24 52
52 89 87 20 39 90 64 37 12 24 22 56 23 47 42 83 56 14 59 20 67 19 60 32 17 83 13 60 35 39 30 21 41 47 39 52 56 18 29 27 24 14 20 12 39 56 76 76 56 63 54 22 40 71 50 83 23 22 22 32 50 26 80 41 88 84 48 43 49 46 28 61 28 62 33 79 10 50 54 34 69 15 45 87 38 65 73 89 15 48 52 84 83 11 46 59 26 36 17 57
24 70 59 43 27 77 42 53 88 76 66 12 86 47 58 74 37 76 42 46 55 68 37 43 73 62 19 10 67 81 30 73 12 60 85 20 57 76 11 36 11 87 22 59 79 50 33 71 19 41 63 18 73 43 27 26 33 31 73 81 12 47 10 10 72 89 44 61 42 37 67 46 37 70 71 42 70 52 50 36 10 30 24 35 18 32 49 35 12 37 35 74 37 55 76 43 33 31 62 68
14 57 40 39 62 89 44 28 69 75 81 82 77 24 49 39 54 32 86 82 59 18 89 72 72 36 67 69 23 36 56 42 33 73 62 51 65 29 41 43 20 37 27 80 90 69 66 81 42 57 90 25 76 90 64 41 82 66 63 24 74 85 74 53 59 83 30 15 27 62 60 26 35 52 36 45 78 81 16 66 89 16 42 40 49 55 38 31 41 24 68 58 29 77 83 44 46 66 73 33
45 14 12 17 81 75 90 55 73 66 12 88 72 15 47 43 17 63 66 82 14 24 15 11 37 55 24 25 62 39 66 45 15 13 89 40 72 81 16 86 15 60 86 73 15 48 59 15 11 34 38 86 48 75 77 44 42 74 77 51 84 83 46 76 55 82 25 70 67 89 13 89 84 26 42 55 39 24 14 45 77 81 87 13 65 17 52 63 79 70 47 84 48 88 86 62 16 27 23 33
38 27 35 80 72 49 49 82 26 76 38 35 11 52 60 17 19 29 37 59 50 23 70 69 80 63 24 71 62 82 26 30 24 15 90 60 41 32 15 45 51 88 68 56 56 35 76 67 84 29 48 38 63 81 37 47 31 73 41 34 69 52 20 81 17 46 50 14 37 56 58 70 67 75 80 36 37 65 43 13 13 13 47 64 73 26 57 63 65 53 38 41 34 76 63 34 71 65 60 19
21 65 41 24 29 62 20 42 71 66 86 12 88 72 50 62 64 14 11 66 10 66 18 31 63 71 27 79 78 27 61 90 71 47 67 47 45 17 81 88 40 12 20 42 53 48 82 26 77 52 21 56 36 62 31 25 74 79 39 44 60 20 21 70 23 24 54 39 46 43 87 11 57 21 35 73 57 24 47 59 12 13 86 78 24 65 85 74 49 69 24 18 13 77 44 34 49 82 70 86
55 45 37 43 17 35 76 77 67 19 35 82 39 20 79 49 85 27 29 87 36 21 27 77 90 87 84 53 52 37 74 11 64 47 35 72 62 88 57 71 68 11 44 55 67 64 75 60 89 52 79 61 14 69 39 68 45 82 70 78 74 87 30 67 11 86 82 73 60 41 34 63 35 68 13 21 40 18 67 59 50 86 49 85 20 70 79 25 15 39 61 38 49 25 29 53 35 42 23 76
78 54 82 57 15 76 43 70 31 41 37 87 85 54 64 83 68 71 24 10 86 76 47 79 10 81 79 23 37 71 65 73 12 40 81 19 15 50 60 78 88 89 68 76 26 46 77 20 66 72 17 79 75 32 44 77 16 65 38 42 42 19 74 58 74 59 31 43 15 33 46 39 39 15 59 54 23 76 27 31 22 22 46 20 36 50 71 66 67 80 78 86 81 15 25 58 69 77 75 43
46 70 42 80 87 48 30 56 32 67 30 63 75 51 24 24 29 57 50 74 42 13 36 30 30 65 74 38 25 42 49 40 20 22 61 88 44 33 86 22 37 77 49 18 81 34 23 59 19 83 37 18 30 16 43 66 36 56 34 57 14 89 66 22 16 41 14 87 53 44 80 33 83 63 62 50 54 16 57 23 83 70 34 66 71 66 61 81 54 39 43 45 84 45 17 53 54 10 33 61
66 16 52 34 17 72 64 27 26 51 48 71 39 19 74 57 36 82 16 33 20 46 73 71 83 25 29 47 24 80 90 65 15 10 54 83 79 82 38 36 67 59 90 79 28 36 48 48 19 10 51 89 84 54 73 18 38 14 65 26 56 16 87 38 17 11 21 88 56 85 52 14 79 70 79 57 35 41 20 36 52 74 46 83 65 73 58 68 26 34 43 83 52 32 75 62 27 50 12 84
